<bound method DataFrame.as_matrix of      street_address  zip  city  state  home_type  bedrooms  bathrooms  \
0                78    0     0      0          3         2          1   
1                40    0     0      0          3         2          2   
2                69    0     0      0          3         2          0   
3                92    0     0      0          3         1          0   
4               100    0     0      0          3         2          1   
5                74    0     0      0          0         2          1   
6                53    0     0      0          3         2          1   
7                83    0     0      0          2         1          0   
8                46    0     0      0          3         2          1   
9                50    0     0      0          3         1          1   
10               55    0     0      0          3         1          0   
11                3    0     0      0          3         2          2   
12               48    0     0      0          3         2          1   
13               32    0     0      0          3         1          2   
14               95    0     0      0          3         2          1   
15                9    0     0      0          3         2          1   
16               31    0     0      0          3         2          1   
17               29    0     0      0          3         2          1   
18               98    0     0      0          3         2          1   
19               45    0     0      0          3         3          2   
20               90    0     0      0          4         1          2   
21               39    0     0      0          3         4          2   
22               11    0     0      0          3         3          2   
23               62    0     0      0          3         2          2   
24               97    0     0      0          3         2          0   
25               18    0     0      0          3         2          1   
26               43    0     0      0          3         2          2   
27               14    0     0      0          3         2          1   
28               22    0     0      0          3         2          0   
29               61    0     0      0          3         2          1   
..              ...  ...   ...    ...        ...       ...        ...   
73                1    0     0      0          3         1          0   
74                7    0     0      0          3         1          0   
75               42    0     0      0          3         1          0   
76               71    0     0      0          3         3          2   
77               91    0     0      0          3         1          0   
78               25    0     0      0          3         1          1   
79               84    0     0      0          3         2          2   
80               60    0     0      0          3         3          2   
81               28    0     0      0          3         3          2   
82               73    0     0      0          3         2          1   
83               87    0     0      0          3         1          1   
84               64    0     0      0          3         3          3   
85               16    0     0      0          3         2          0   
86               34    0     0      0          1         0          0   
87                2    0     0      0          3         2          0   
88               13    0     0      0          3         2          2   
89               67    0     0      0          3         2          1   
90               81    0     0      0          3         2          1   
91              101    0     0      0          3         2          1   
92              102    0     0      0          3         3          2   
93                6    0     0      0          3         2          1   
94               80    0     0      0          3         1          1   
95               65    0     0      0          3         1          1   
96               10    0     0      0          3         2          1   
97               82    0     0      0          3         1          1   
98                8    0     0      0          3         1          0   
99               12    0     0      0          3         2          1   
100              21    0     0      0          3         2          1   
101              35    0     0      0          3         2          1   
102              54    0     0      0          3         2          0   

     finished_sq_footage  lot_size_sq_footage  year_built  year_updated  \
0                     59                   31          28            22   
1                     65                    4          40            20   
2                      6                   22          32             1   
3                     17                   33          29             6   
4                     21                   19          33             1   
5                     27                   13          29             1   
6                     22                   23          30             1   
7                      1                    0          35            16   
8                     56                   10          17            12   
9                      7                   21          21            14   
10                    13                   13          15             4   
11                    68                   52          43            21   
12                    53                   17          17            17   
13                    42                   35          24            20   
14                    35                   42          37            20   
15                    33                   39          22             9   
16                    40                   50           4            15   
17                    63                   45          28             1   
18                    28                   27          36            21   
19                    84                   26          20            16   
20                    46                   54          41            21   
21                    85                   13           2            19   
22                    92                   45          10             9   
23                    64                   20          20            13   
24                    11                   36          30             4   
25                    87                   44          16            10   
26                    91                   13          44            22   
27                    54                   13           9             2   
28                    18                   49          17            16   
29                    88                   16          16             6   
..                   ...                  ...         ...           ...   
73                     5                    3          22            12   
74                    12                   37          27             2   
75                     2                   15          23             7   
76                    72                   22          21             2   
77                     3                   43          22             1   
78                    23                    6          12            20   
79                    82                   35          42            14   
80                    86                   13          20            13   
81                    62                    8          11            22   
82                    70                    9          20            22   
83                    67                   22          26            19   
84                    95                   19          24            22   
85                    51                    4          20             1   
86                     0                   38          17             0   
87                    25                   41          21             1   
88                    71                   13          43            22   
89                    78                   25          23            15   
90                    49                   22          31            21   
91                    14                    7           8             1   
92                    94                   30          33            20   
93                    15                   27          22             1   
94                    47                   27          25            22   
95                    10                   17          16             2   
96                    28                   29          27             2   
97                     4                   40          21             8   
98                    19                    5           5             1   
99                    76                   47          16            18   
100                   60                   44          10             9   
101                   31                   23          28             2   
102                   57                   41          24             4   

     number_of_floors  neighborhood  school_district  sold_binary  \
0                   0             7                4            1   
1                   1             7                4            1   
2                   0             7                4            0   
3                   0             7                4            1   
4                   0             7                4            0   
5                   0             7                4            1   
6                   0             7                4            1   
7                   0             7                4            1   
8                   1             7                4            0   
9                   0             7                4            1   
10                  0             7                4            1   
11                  1             7                4            0   
12                  0             7                4            0   
13                  0             7                4            1   
14                  0             7                4            0   
15                  0             7                4            1   
16                  0             5                4            1   
17                  0             7                4            1   
18                  0             7                4            0   
19                  0             7                4            0   
20                  2             8                1            0   
21                  1             9                4            1   
22                  1             7                4            0   
23                  1             7                4            0   
24                  0             7                4            1   
25                  1             7                4            1   
26                  1             7                4            1   
27                  0             7                4            0   
28                  1             7                4            0   
29                  1             7                4            1   
..                ...           ...              ...          ...   
73                  0             7                4            0   
74                  0             7                4            0   
75                  0             7                4            1   
76                  0            11                4            1   
77                  0             7                4            1   
78                  0             0                4            0   
79                  0             7                4            1   
80                  1             7                4            0   
81                  1             7                4            1   
82                  0             7                4            1   
83                  0             7                4            1   
84                  1             7                4            1   
85                  0             7                4            1   
86                  0             7                4            0   
87                  0             7                4            1   
88                  0             7                4            1   
89                  0             7                4            0   
90                  0             7                4            0   
91                  0             7                4            0   
92                  1             7                4            1   
93                  0             7                4            1   
94                  0             7                4            1   
95                  0             1                4            1   
96                  0             7                4            1   
97                  0             7                4            0   
98                  0             7                4            0   
99                  0             7                4            0   
100                 0             7                4            1   
101                 0             4                4            1   
102                 0             7                4            0   

     last_sold_date  last_sale_price  roof_type  price_range  
0                26               41          0           28  
1                12               56          7           34  
2                45               16          6           13  
3                28                5          0            5  
4                22               11          2           10  
5                12               35          3           25  
6                 5               22          0           17  
7                60                0          0            0  
8                77               64          0           40  
9                53               36          4           25  
10               53               39          0           26  
11               71               62          0           39  
12               56               70          6           43  
13               21               51          0           32  
14               49               15          0           12  
15               70               41          2           28  
16               79               37          0           25  
17               59               43          8           28  
18               52               20          6           15  
19               24               65          0           40  
20               81               25          2           18  
21               73               78          0           49  
22               18               69          6           42  
23                6               60          7           37  
24                4               17          0           14  
25               64               61          3           38  
26               63               81          0           51  
27               85               79          7           50  
28               83               19          0           15  
29               84               87          0           57  
..              ...              ...        ...          ...  
73               40               23          6           17  
74               37                8          0            7  
75               70               32          7           23  
76                2               71          0           44  
77               60               15          6           12  
78               10                9          7            8  
79               88               75          7           47  
80                1               84          0           54  
81               82               72          0           45  
82               28               73          0           46  
83                0               58          5           35  
84               32               47          0           30  
85               16               48          7           30  
86               31               13          0           11  
87               67               24          0           18  
88               76               63          8           39  
89               69               53          0           33  
90               29               18          0           15  
91               30               12          3           10  
92               19               85          3           55  
93               90               34          0           24  
94               43               40          0           27  
95               17               31          0           23  
96               55               38          0           26  
97               27                4          0            4  
98               86                7          0            6  
99               13               54          0           34  
100              66               77          0           49  
101              78               30          0           22  
102              58               58          0           35  

[103 rows x 19 columns]>